     1        0   0.000
     2    24890   0.010
     3    49779   0.020
     4    74668   0.030
     5    99557   0.040
     6   124446   0.050
     7   149335   0.060
     8   174224   0.070
     9   199113   0.080
    10   224002   0.090
    11   248891   0.100
    12   273780   0.110
    13   298669   0.120
    14   323558   0.130
    15   348447   0.140
    16   373336   0.150
    17   398225   0.160
    18   423114   0.170
    19   448003   0.180
    20   472892   0.190
    21   497781   0.200
    22   522670   0.210
    23   547559   0.220
    24   572448   0.230
    25   597337   0.240
    26   622226   0.250
    27   647115   0.260
    28   672004   0.270
    29   696893   0.280
    30   721782   0.290
    31   746671   0.300
    32   771560   0.310
    33   796449   0.320
    34   821338   0.330
    35   846227   0.340
    36   871116   0.350
    37   896005   0.360
    38   920894   0.370
    39   945783   0.380
    40   970672   0.390
    41   995561   0.400
    42  1020450   0.410
    43  1045339   0.420
    44  1070228   0.430
    45  1095117   0.440
    46  1120006   0.450
    47  1144895   0.460
    48  1169784   0.470
    49  1194673   0.480
    50  1219562   0.490
    51  1244451   0.500
    52  1269340   0.510
    53  1294229   0.520
    54  1319118   0.530
    55  1344007   0.540
    56  1368896   0.550
    57  1393785   0.560
    58  1418674   0.570
    59  1443563   0.580
    60  1468452   0.590
    61  1493341   0.600
    62  1518230   0.610
    63  1543119   0.620
    64  1568008   0.630
    65  1592897   0.640
    66  1617786   0.650
    67  1642675   0.660
    68  1667564   0.670
    69  1692453   0.680
    70  1717342   0.690
    71  1742231   0.700
    72  1767120   0.710
    73  1792009   0.720
    74  1816898   0.730
    75  1841787   0.740
    76  1866676   0.750
    77  1891565   0.760
    78  1916454   0.770
    79  1941343   0.780
    80  1966232   0.790
    81  1991121   0.800
    82  2016010   0.810
    83  2040899   0.820
    84  2065788   0.830
    85  2090677   0.840
    86  2115566   0.850
    87  2140455   0.860
    88  2165344   0.870
    89  2190233   0.880
    90  2215122   0.890
    91  2240011   0.900
    92  2264900   0.910
    93  2289789   0.920
    94  2314678   0.930
    95  2339567   0.940
    96  2364456   0.950
    97  2389345   0.960
    98  2414234   0.970
    99  2439123   0.980
   100  2464012   0.990
   101  2488901   1.000
   102  2513790   1.010
   103  2538679   1.020
   104  2563568   1.030
   105  2588457   1.040
   106  2613346   1.050
   107  2638235   1.060
   108  2663124   1.070
   109  2688013   1.080
   110  2712902   1.090
   111  2737791   1.100
   112  2762680   1.110
   113  2787569   1.120
   114  2812458   1.130
   115  2837347   1.140
   116  2862236   1.150
   117  2887125   1.160
   118  2912014   1.170
   119  2936903   1.180
   120  2961792   1.190
   121  2986681   1.200
   122  3011570   1.210
   123  3036459   1.220
   124  3061348   1.230
   125  3086237   1.240
   126  3111126   1.250
   127  3136015   1.260
   128  3160904   1.270
   129  3185793   1.280
   130  3210682   1.290
   131  3235571   1.300
   132  3260460   1.310
   133  3285349   1.320
   134  3310238   1.330
   135  3335127   1.340
   136  3360016   1.350
   137  3384905   1.360
   138  3409794   1.370
   139  3434683   1.380
   140  3459572   1.390
   141  3484461   1.400
   142  3509350   1.410
   143  3534239   1.420
   144  3559128   1.430
   145  3584017   1.440
   146  3608906   1.450
   147  3633795   1.460
   148  3658684   1.470
   149  3683573   1.480
   150  3708462   1.490
   151  3733351   1.500
   152  3758240   1.510
   153  3783129   1.520
   154  3808018   1.530
   155  3832907   1.540
   156  3857796   1.550
   157  3882685   1.560
   158  3907574   1.570
   159  3932463   1.580
   160  3957352   1.590
   161  3982241   1.600
   162  4007130   1.610
   163  4032019   1.620
   164  4056908   1.630
   165  4081797   1.640
   166  4106686   1.650
   167  4131575   1.660
   168  4156464   1.670
   169  4181353   1.680
   170  4206242   1.690
   171  4231131   1.700
   172  4256020   1.710
   173  4280909   1.720
   174  4305798   1.730
   175  4330687   1.740
   176  4355576   1.750
   177  4380465   1.760
   178  4405354   1.770
   179  4430243   1.780
   180  4455132   1.790
   181  4480021   1.800
   182  4504910   1.810
   183  4529799   1.820
   184  4554688   1.830
   185  4579577   1.840
   186  4604466   1.850
   187  4629355   1.860
   188  4654244   1.870
   189  4679133   1.880
   190  4704022   1.890
   191  4728911   1.900
   192  4753800   1.910
   193  4778689   1.920
   194  4803578   1.930
   195  4828467   1.940
   196  4853356   1.950
   197  4878245   1.960
   198  4903134   1.970
   199  4928023   1.980
   200  4952912   1.990
   201  4977801   2.000
