     1        0   180000   0.000
     2    24890   180517   0.010
     3    49779   181335   0.020
     4    74668   181870   0.030
     5    99557   182674   0.040
     6   124446   183246   0.050
     7   149335   184077   0.060
     8   174224   184662   0.070
     9   199113   185543   0.080
    10   224002   186108   0.090
    11   248891   187017   0.100
    12   273780   187587   0.110
    13   298669   188535   0.120
    14   323558   189125   0.130
    15   348447   190103   0.140
    16   373336   190703   0.150
    17   398225   191655   0.160
    18   423114   192271   0.170
    19   448003   193284   0.180
    20   472892   193908   0.190
    21   497781   194904   0.200
    22   522670   195544   0.210
    23   547559   196551   0.220
    24   572448   197195   0.230
    25   597337   198227   0.240
    26   622226   198842   0.250
    27   647115   199892   0.260
    28   672004   200515   0.270
    29   696893   201566   0.280
    30   721782   202185   0.290
    31   746671   203241   0.300
    32   771560   203886   0.310
    33   796449   204957   0.320
    34   821338   205606   0.330
    35   846227   206675   0.340
    36   871116   207312   0.350
    37   896005   208421   0.360
    38   920894   209062   0.370
    39   945783   210119   0.380
    40   970672   210768   0.390
    41   995561   211860   0.400
    42  1020450   212498   0.410
    43  1045339   213593   0.420
    44  1070228   214241   0.430
    45  1095117   215350   0.440
    46  1120006   215992   0.450
    47  1144895   217131   0.460
    48  1169784   217776   0.470
    49  1194673   218905   0.480
    50  1219562   219560   0.490
    51  1244451   220669   0.500
    52  1269340   221328   0.510
    53  1294229   222452   0.520
    54  1319118   223111   0.530
    55  1344007   224250   0.540
    56  1368896   224902   0.550
    57  1393785   226063   0.560
    58  1418674   226703   0.570
    59  1443563   227818   0.580
    60  1468452   228455   0.590
    61  1493341   229590   0.600
    62  1518230   230223   0.610
    63  1543119   231356   0.620
    64  1568008   232013   0.630
    65  1592897   233170   0.640
    66  1617786   233811   0.650
    67  1642675   234988   0.660
    68  1667564   235628   0.670
    69  1692453   236766   0.680
    70  1717342   237421   0.690
    71  1742231   238579   0.700
    72  1767120   239242   0.710
    73  1792009   240360   0.720
    74  1816898   241000   0.730
    75  1841787   242161   0.740
    76  1866676   242829   0.750
    77  1891565   243971   0.760
    78  1916454   244650   0.770
    79  1941343   245802   0.780
    80  1966232   246465   0.790
    81  1991121   247593   0.800
    82  2016010   248253   0.810
    83  2040899   249396   0.820
    84  2065788   250050   0.830
    85  2090677   251233   0.840
    86  2115566   251875   0.850
    87  2140455   253000   0.860
    88  2165344   253643   0.870
    89  2190233   254794   0.880
    90  2215122   255436   0.890
    91  2240011   256569   0.900
    92  2264900   257202   0.910
    93  2289789   258354   0.920
    94  2314678   259019   0.930
    95  2339567   260175   0.940
    96  2364456   260823   0.950
    97  2389345   261941   0.960
    98  2414234   262614   0.970
    99  2439123   263767   0.980
   100  2464012   264433   0.990
   101  2488901   265615   1.000
   102  2513790   266270   1.010
   103  2538679   267403   1.020
   104  2563568   268072   1.030
   105  2588457   269201   1.040
   106  2613346   269854   1.050
   107  2638235   270995   1.060
   108  2663124   271659   1.070
   109  2688013   272841   1.080
   110  2712902   273478   1.090
   111  2737791   274648   1.100
   112  2762680   275325   1.110
   113  2787569   276478   1.120
   114  2812458   277117   1.130
   115  2837347   278256   1.140
   116  2862236   278915   1.150
   117  2887125   280073   1.160
   118  2912014   280749   1.170
   119  2936903   281889   1.180
   120  2961792   282524   1.190
   121  2986681   283660   1.200
   122  3011570   284327   1.210
   123  3036459   285472   1.220
   124  3061348   286133   1.230
   125  3086237   287268   1.240
   126  3111126   287928   1.250
   127  3136015   289096   1.260
   128  3160904   289735   1.270
   129  3185793   290877   1.280
   130  3210682   291538   1.290
   131  3235571   292694   1.300
   132  3260460   293361   1.310
   133  3285349   294563   1.320
   134  3310238   295215   1.330
   135  3335127   296333   1.340
   136  3360016   296992   1.350
   137  3384905   298129   1.360
   138  3409794   298793   1.370
   139  3434683   299957   1.380
   140  3459572   300620   1.390
   141  3484461   301749   1.400
   142  3509350   302428   1.410
   143  3534239   303612   1.420
   144  3559128   304284   1.430
   145  3584017   305451   1.440
   146  3608906   306103   1.450
   147  3633795   307247   1.460
   148  3658684   307936   1.470
   149  3683573   309107   1.480
   150  3708462   309795   1.490
   151  3733351   310952   1.500
   152  3758240   311610   1.510
   153  3783129   312774   1.520
   154  3808018   313449   1.530
   155  3832907   314623   1.540
   156  3857796   315294   1.550
   157  3882685   316459   1.560
   158  3907574   317121   1.570
   159  3932463   318206   1.580
   160  3957352   318889   1.590
   161  3982241   320004   1.600
   162  4007130   320674   1.610
   163  4032019   321811   1.620
   164  4056908   322474   1.630
   165  4081797   323622   1.640
   166  4106686   324267   1.650
   167  4131575   325429   1.660
   168  4156464   326082   1.670
   169  4181353   327193   1.680
   170  4206242   327848   1.690
   171  4231131   328982   1.700
   172  4256020   329649   1.710
   173  4280909   330813   1.720
   174  4305798   331501   1.730
   175  4330687   332673   1.740
   176  4355576   333317   1.750
   177  4380465   334462   1.760
   178  4405354   335102   1.770
   179  4430243   336224   1.780
   180  4455132   336875   1.790
   181  4480021   338014   1.800
   182  4504910   338679   1.810
   183  4529799   339832   1.820
   184  4554688   340488   1.830
   185  4579577   341657   1.840
   186  4604466   342314   1.850
   187  4629355   343437   1.860
   188  4654244   344076   1.870
   189  4679133   345196   1.880
   190  4704022   345849   1.890
   191  4728911   346966   1.900
   192  4753800   347642   1.910
   193  4778689   348788   1.920
   194  4803578   349440   1.930
   195  4828467   350620   1.940
   196  4853356   351286   1.950
   197  4878245   352399   1.960
   198  4903134   353067   1.970
   199  4928023   354217   1.980
   200  4952912   354888   1.990
   201  4977801   356026   2.000
