     1    12050     2490   0.001
     2    12050     4979   0.002
     3    12050     7468   0.003
     4    12050     9957   0.004
     5    12050    12446   0.005
     6    12050    14935   0.006
     7    12050    17424   0.007
     8    12050    19913   0.008
     9    12050    22402   0.009
    10    12050    24891   0.010
    11    12050    27380   0.011
    12    12050    29869   0.012
    13    12050    32358   0.013
    14    12050    34847   0.014
    15    12050    37336   0.015
    16    12050    39825   0.016
    17    12050    42314   0.017
    18    12050    44803   0.018
    19    12050    47292   0.019
    20    12050    49781   0.020
    21    12050    52270   0.021
    22    12050    54759   0.022
    23    12050    57248   0.023
    24    12050    59737   0.024
    25    12050    62226   0.025
    26    12050    64715   0.026
    27    12050    67204   0.027
    28    12050    69693   0.028
    29    12050    72182   0.029
    30    12050    74671   0.030
    31    12050    77160   0.031
    32    12050    79649   0.032
    33    12050    82138   0.033
    34    12050    84627   0.034
    35    12050    87116   0.035
    36    12050    89605   0.036
    37    12050    92094   0.037
    38    12050    94583   0.038
    39    12050    97072   0.039
    40    12050    99561   0.040
    41    12050   102050   0.041
    42    12050   104539   0.042
    43    12050   107028   0.043
    44    12050   109517   0.044
    45    12050   112006   0.045
    46    12050   114495   0.046
    47    12050   116984   0.047
    48    12050   119473   0.048
    49    12050   121962   0.049
    50    12050   124451   0.050
    51    12050   126940   0.051
    52    12050   129429   0.052
    53    12050   131918   0.053
    54    12050   134407   0.054
    55    12050   136896   0.055
    56    12050   139385   0.056
    57    12050   141874   0.057
    58    12050   144363   0.058
    59    12050   146852   0.059
    60    12050   149341   0.060
    61    12050   151830   0.061
    62    12050   154319   0.062
    63    12050   156808   0.063
    64    12050   159297   0.064
    65    12050   161786   0.065
    66    12050   164275   0.066
    67    12050   166764   0.067
    68    12050   169253   0.068
    69    12050   171742   0.069
    70    12050   174231   0.070
    71    12050   176720   0.071
    72    12050   179209   0.072
    73    12050   181698   0.073
    74    12050   184187   0.074
    75    12050   186676   0.075
    76    12050   189165   0.076
    77    12050   191654   0.077
    78    12050   194143   0.078
    79    12050   196632   0.079
    80    12050   199121   0.080
    81    12050   201610   0.081
    82    12050   204099   0.082
    83    12050   206588   0.083
    84    12050   209077   0.084
    85    12050   211566   0.085
    86    12050   214055   0.086
    87    12050   216544   0.087
    88    12050   219033   0.088
    89    12050   221522   0.089
    90    12050   224011   0.090
    91    12050   226500   0.091
    92    12050   228989   0.092
    93    12050   231478   0.093
    94    12050   233967   0.094
    95    12050   236456   0.095
    96    12050   238945   0.096
    97    12050   241434   0.097
    98    12050   243923   0.098
    99    12050   246412   0.099
   100    12050   248901   0.100
   101    12050   251390   0.101
   102    12050   253879   0.102
   103    12050   256368   0.103
   104    12050   258857   0.104
   105    12050   261346   0.105
   106    12050   263835   0.106
   107    12050   266324   0.107
   108    12050   268813   0.108
   109    12050   271302   0.109
   110    12050   273791   0.110
   111    12050   276280   0.111
   112    12050   278769   0.112
   113    12050   281258   0.113
   114    12050   283747   0.114
   115    12050   286236   0.115
   116    12050   288725   0.116
   117    12050   291214   0.117
   118    12050   293703   0.118
   119    12050   296192   0.119
   120    12050   298681   0.120
   121    12050   301170   0.121
   122    12050   303659   0.122
   123    12050   306148   0.123
   124    12050   308637   0.124
   125    12050   311126   0.125
   126    12050   313615   0.126
   127    12050   316104   0.127
   128    12050   318593   0.128
   129    12050   321082   0.129
   130    12050   323571   0.130
   131    12050   326060   0.131
   132    12050   328549   0.132
   133    12050   331038   0.133
   134    12050   333527   0.134
   135    12050   336016   0.135
   136    12050   338505   0.136
   137    12050   340994   0.137
   138    12050   343483   0.138
   139    12050   345972   0.139
   140    12050   348461   0.140
   141    12050   350950   0.141
   142    12050   353439   0.142
   143    12050   355928   0.143
   144    12050   358417   0.144
   145    12050   360906   0.145
   146    12050   363395   0.146
   147    12050   365884   0.147
   148    12050   368373   0.148
   149    12050   370862   0.149
   150    12050   373351   0.150
   151    12050   375840   0.151
   152    12050   378329   0.152
   153    12050   380818   0.153
   154    12050   383307   0.154
   155    12050   385796   0.155
   156    12050   388285   0.156
   157    12050   390774   0.157
   158    12050   393263   0.158
   159    12050   395752   0.159
   160    12050   398241   0.160
   161    12050   400730   0.161
   162    12050   403219   0.162
   163    12050   405708   0.163
   164    12050   408197   0.164
   165    12050   410686   0.165
   166    12050   413175   0.166
   167    12050   415664   0.167
   168    12050   418153   0.168
   169    12050   420642   0.169
   170    12050   423131   0.170
   171    12050   425620   0.171
   172    12050   428109   0.172
   173    12050   430598   0.173
   174    12050   433087   0.174
   175    12050   435576   0.175
   176    12050   438065   0.176
   177    12050   440554   0.177
   178    12050   443043   0.178
   179    12050   445532   0.179
   180    12050   448021   0.180
   181    12050   450510   0.181
   182    12050   452999   0.182
   183    12050   455488   0.183
   184    12050   457977   0.184
   185    12050   460466   0.185
   186    12050   462955   0.186
   187    12050   465444   0.187
   188    12050   467933   0.188
   189    12050   470422   0.189
   190    12050   472911   0.190
   191    12050   475400   0.191
   192    12050   477889   0.192
   193    12050   480378   0.193
   194    12050   482867   0.194
   195    12050   485356   0.195
   196    12050   487845   0.196
   197    12050   490334   0.197
   198    12050   492823   0.198
   199    12050   495312   0.199
   200    12050   497801   0.200
   201    12050   500290   0.201
   202    12050   502779   0.202
   203    12050   505268   0.203
   204    12050   507757   0.204
   205    12050   510246   0.205
   206    12050   512735   0.206
   207    12050   515224   0.207
   208    12050   517713   0.208
   209    12050   520202   0.209
   210    12050   522691   0.210
   211    12050   525180   0.211
   212    12050   527669   0.212
   213    12050   530158   0.213
   214    12050   532647   0.214
   215    12050   535136   0.215
   216    12050   537625   0.216
   217    12050   540114   0.217
   218    12050   542603   0.218
   219    12050   545092   0.219
   220    12050   547581   0.220
   221    12050   550070   0.221
   222    12050   552559   0.222
   223    12050   555048   0.223
   224    12050   557537   0.224
   225    12050   560026   0.225
   226    12050   562515   0.226
   227    12050   565004   0.227
   228    12050   567493   0.228
   229    12050   569982   0.229
   230    12050   572471   0.230
   231    12050   574960   0.231
   232    12050   577449   0.232
   233    12050   579938   0.233
   234    12050   582427   0.234
   235    12050   584916   0.235
   236    12050   587405   0.236
   237    12050   589894   0.237
   238    12050   592383   0.238
   239    12050   594872   0.239
   240    12050   597361   0.240
   241    12050   599850   0.241
   242    12050   602339   0.242
   243    12050   604828   0.243
   244    12050   607317   0.244
   245    12050   609806   0.245
   246    12050   612295   0.246
   247    12050   614784   0.247
   248    12050   617273   0.248
   249    12050   619762   0.249
   250    12050   622251   0.250
   251    12050   624740   0.251
   252    12050   627229   0.252
   253    12050   629718   0.253
   254    12050   632207   0.254
   255    12050   634696   0.255
   256    12050   637185   0.256
   257    12050   639674   0.257
   258    12050   642163   0.258
   259    12050   644652   0.259
   260    12050   647141   0.260
   261    12050   649630   0.261
   262    12050   652119   0.262
   263    12050   654608   0.263
   264    12050   657097   0.264
   265    12050   659586   0.265
   266    12050   662075   0.266
   267    12050   664564   0.267
   268    12050   667053   0.268
   269    12050   669542   0.269
   270    12050   672031   0.270
   271    12050   674520   0.271
   272    12050   677009   0.272
   273    12050   679498   0.273
   274    12050   681987   0.274
   275    12050   684476   0.275
   276    12050   686965   0.276
   277    12050   689454   0.277
   278    12050   691943   0.278
   279    12050   694432   0.279
   280    12050   696921   0.280
   281    12050   699410   0.281
   282    12050   701899   0.282
   283    12050   704388   0.283
   284    12050   706877   0.284
   285    12050   709366   0.285
   286    12050   711855   0.286
   287    12050   714344   0.287
   288    12050   716833   0.288
   289    12050   719322   0.289
   290    12050   721811   0.290
   291    12050   724300   0.291
   292    12050   726789   0.292
   293    12050   729278   0.293
   294    12050   731767   0.294
   295    12050   734256   0.295
   296    12050   736745   0.296
   297    12050   739234   0.297
   298    12050   741723   0.298
   299    12050   744212   0.299
   300    12050   746701   0.300
   301    12050   749190   0.301
   302    12050   751679   0.302
   303    12050   754168   0.303
   304    12050   756657   0.304
   305    12050   759146   0.305
   306    12050   761635   0.306
   307    12050   764124   0.307
   308    12050   766613   0.308
   309    12050   769102   0.309
   310    12050   771591   0.310
   311    12050   774080   0.311
   312    12050   776569   0.312
   313    12050   779058   0.313
   314    12050   781547   0.314
   315    12050   784036   0.315
   316    12050   786525   0.316
   317    12050   789014   0.317
   318    12050   791503   0.318
   319    12050   793992   0.319
   320    12050   796481   0.320
   321    12050   798970   0.321
   322    12050   801459   0.322
   323    12050   803948   0.323
   324    12050   806437   0.324
   325    12050   808926   0.325
   326    12050   811415   0.326
   327    12050   813904   0.327
   328    12050   816393   0.328
   329    12050   818882   0.329
   330    12050   821371   0.330
   331    12050   823860   0.331
   332    12050   826349   0.332
   333    12050   828838   0.333
   334    12050   831327   0.334
   335    12050   833816   0.335
   336    12050   836305   0.336
   337    12050   838794   0.337
   338    12050   841283   0.338
   339    12050   843772   0.339
   340    12050   846261   0.340
   341    12050   848750   0.341
   342    12050   851239   0.342
   343    12050   853728   0.343
   344    12050   856217   0.344
   345    12050   858706   0.345
   346    12050   861195   0.346
   347    12050   863684   0.347
   348    12050   866173   0.348
   349    12050   868662   0.349
   350    12050   871151   0.350
   351    12050   873640   0.351
   352    12050   876129   0.352
   353    12050   878618   0.353
   354    12050   881107   0.354
   355    12050   883596   0.355
   356    12050   886085   0.356
   357    12050   888574   0.357
   358    12050   891063   0.358
   359    12050   893552   0.359
   360    12050   896041   0.360
   361    12050   898530   0.361
   362    12050   901019   0.362
   363    12050   903508   0.363
   364    12050   905997   0.364
   365    12050   908486   0.365
   366    12050   910975   0.366
   367    12050   913464   0.367
   368    12050   915953   0.368
   369    12050   918442   0.369
   370    12050   920931   0.370
   371    12050   923420   0.371
   372    12050   925909   0.372
   373    12050   928398   0.373
   374    12050   930887   0.374
   375    12050   933376   0.375
   376    12050   935865   0.376
   377    12050   938354   0.377
   378    12050   940843   0.378
   379    12050   943332   0.379
   380    12050   945821   0.380
   381    12050   948310   0.381
   382    12050   950799   0.382
   383    12050   953288   0.383
   384    12050   955777   0.384
   385    12050   958266   0.385
   386    12050   960755   0.386
   387    12050   963244   0.387
   388    12050   965733   0.388
   389    12050   968222   0.389
   390    12050   970711   0.390
   391    12050   973200   0.391
   392    12050   975689   0.392
   393    12050   978178   0.393
   394    12050   980667   0.394
   395    12050   983156   0.395
   396    12050   985645   0.396
   397    12050   988134   0.397
   398    12050   990623   0.398
   399    12050   993112   0.399
   400    12050   995601   0.400
   401    12050   998090   0.401
   402    12050  1000579   0.402
   403    12050  1003068   0.403
   404    12050  1005557   0.404
   405    12050  1008046   0.405
   406    12050  1010535   0.406
   407    12050  1013024   0.407
   408    12050  1015513   0.408
   409    12050  1018002   0.409
   410    12050  1020491   0.410
   411    12050  1022980   0.411
   412    12050  1025469   0.412
   413    12050  1027958   0.413
   414    12050  1030447   0.414
   415    12050  1032936   0.415
   416    12050  1035425   0.416
   417    12050  1037914   0.417
   418    12050  1040403   0.418
   419    12050  1042892   0.419
   420    12050  1045381   0.420
   421    12050  1047870   0.421
   422    12050  1050359   0.422
   423    12050  1052848   0.423
   424    12050  1055337   0.424
   425    12050  1057826   0.425
   426    12050  1060315   0.426
   427    12050  1062804   0.427
   428    12050  1065293   0.428
   429    12050  1067782   0.429
   430    12050  1070271   0.430
   431    12050  1072760   0.431
   432    12050  1075249   0.432
   433    12050  1077738   0.433
   434    12050  1080227   0.434
   435    12050  1082716   0.435
   436    12050  1085205   0.436
   437    12050  1087694   0.437
   438    12050  1090183   0.438
   439    12050  1092672   0.439
   440    12050  1095161   0.440
   441    12050  1097650   0.441
   442    12050  1100139   0.442
   443    12050  1102628   0.443
   444    12050  1105117   0.444
   445    12050  1107606   0.445
   446    12050  1110095   0.446
   447    12050  1112584   0.447
   448    12050  1115073   0.448
   449    12050  1117562   0.449
   450    12050  1120051   0.450
   451    12050  1122540   0.451
   452    12050  1125029   0.452
   453    12050  1127518   0.453
   454    12050  1130007   0.454
   455    12050  1132496   0.455
   456    12050  1134985   0.456
   457    12050  1137474   0.457
   458    12050  1139963   0.458
   459    12050  1142452   0.459
   460    12050  1144941   0.460
   461    12050  1147430   0.461
   462    12050  1149919   0.462
   463    12050  1152408   0.463
   464    12050  1154897   0.464
   465    12050  1157386   0.465
   466    12050  1159875   0.466
   467    12050  1162364   0.467
   468    12050  1164853   0.468
   469    12050  1167342   0.469
   470    12050  1169831   0.470
   471    12050  1172320   0.471
   472    12050  1174809   0.472
   473    12050  1177298   0.473
   474    12050  1179787   0.474
   475    12050  1182276   0.475
   476    12050  1184765   0.476
   477    12050  1187254   0.477
   478    12050  1189743   0.478
   479    12050  1192232   0.479
   480    12050  1194721   0.480
   481    12050  1197210   0.481
   482    12050  1199699   0.482
   483    12050  1202188   0.483
   484    12050  1204677   0.484
   485    12050  1207166   0.485
   486    12050  1209655   0.486
   487    12050  1212144   0.487
   488    12050  1214633   0.488
   489    12050  1217122   0.489
   490    12050  1219611   0.490
   491    12050  1222100   0.491
   492    12050  1224589   0.492
   493    12050  1227078   0.493
   494    12050  1229567   0.494
   495    12050  1232056   0.495
   496    12050  1234545   0.496
   497    12050  1237034   0.497
   498    12050  1239523   0.498
   499    12050  1242012   0.499
   500    12050  1244501   0.500
   501    12050  1246990   0.501
   502    12050  1249479   0.502
   503    12050  1251968   0.503
   504    12050  1254457   0.504
   505    12050  1256946   0.505
   506    12050  1259435   0.506
   507    12050  1261924   0.507
   508    12050  1264413   0.508
   509    12050  1266902   0.509
   510    12050  1269391   0.510
   511    12050  1271880   0.511
   512    12050  1274369   0.512
   513    12050  1276858   0.513
   514    12050  1279347   0.514
   515    12050  1281836   0.515
   516    12050  1284325   0.516
   517    12050  1286814   0.517
   518    12050  1289303   0.518
   519    12050  1291792   0.519
   520    12050  1294281   0.520
   521    12050  1296770   0.521
   522    12050  1299259   0.522
   523    12050  1301748   0.523
   524    12050  1304237   0.524
   525    12050  1306726   0.525
   526    12050  1309215   0.526
   527    12050  1311704   0.527
   528    12050  1314193   0.528
   529    12050  1316682   0.529
   530    12050  1319171   0.530
   531    12050  1321660   0.531
   532    12050  1324149   0.532
   533    12050  1326638   0.533
   534    12050  1329127   0.534
   535    12050  1331616   0.535
   536    12050  1334105   0.536
   537    12050  1336594   0.537
   538    12050  1339083   0.538
   539    12050  1341572   0.539
   540    12050  1344061   0.540
   541    12050  1346550   0.541
   542    12050  1349039   0.542
   543    12050  1351528   0.543
   544    12050  1354017   0.544
   545    12050  1356506   0.545
   546    12050  1358995   0.546
   547    12050  1361484   0.547
   548    12050  1363973   0.548
   549    12050  1366462   0.549
   550    12050  1368951   0.550
   551    12050  1371440   0.551
   552    12050  1373929   0.552
   553    12050  1376418   0.553
   554    12050  1378907   0.554
   555    12050  1381396   0.555
   556    12050  1383885   0.556
   557    12050  1386374   0.557
   558    12050  1388863   0.558
   559    12050  1391352   0.559
   560    12050  1393841   0.560
   561    12050  1396330   0.561
   562    12050  1398819   0.562
   563    12050  1401308   0.563
   564    12050  1403797   0.564
   565    12050  1406286   0.565
   566    12050  1408775   0.566
   567    12050  1411264   0.567
   568    12050  1413753   0.568
   569    12050  1416242   0.569
   570    12050  1418731   0.570
   571    12050  1421220   0.571
   572    12050  1423709   0.572
   573    12050  1426198   0.573
   574    12050  1428687   0.574
   575    12050  1431176   0.575
   576    12050  1433665   0.576
   577    12050  1436154   0.577
   578    12050  1438643   0.578
   579    12050  1441132   0.579
   580    12050  1443621   0.580
   581    12050  1446110   0.581
   582    12050  1448599   0.582
   583    12050  1451088   0.583
   584    12050  1453577   0.584
   585    12050  1456066   0.585
   586    12050  1458555   0.586
   587    12050  1461044   0.587
   588    12050  1463533   0.588
   589    12050  1466022   0.589
   590    12050  1468511   0.590
   591    12050  1471000   0.591
   592    12050  1473489   0.592
   593    12050  1475978   0.593
   594    12050  1478467   0.594
   595    12050  1480956   0.595
   596    12050  1483445   0.596
   597    12050  1485934   0.597
   598    12050  1488423   0.598
   599    12050  1490912   0.599
   600    12050  1493401   0.600
   601    12050  1495890   0.601
   602    12050  1498379   0.602
   603    12050  1500868   0.603
   604    12050  1503357   0.604
   605    12050  1505846   0.605
   606    12050  1508335   0.606
   607    12050  1510824   0.607
   608    12050  1513313   0.608
   609    12050  1515802   0.609
   610    12050  1518291   0.610
   611    12050  1520780   0.611
   612    12050  1523269   0.612
   613    12050  1525758   0.613
   614    12050  1528247   0.614
   615    12050  1530736   0.615
   616    12050  1533225   0.616
   617    12050  1535714   0.617
   618    12050  1538203   0.618
   619    12050  1540692   0.619
   620    12050  1543181   0.620
   621    12050  1545670   0.621
   622    12050  1548159   0.622
   623    12050  1550648   0.623
   624    12050  1553137   0.624
   625    12050  1555626   0.625
   626    12050  1558115   0.626
   627    12050  1560604   0.627
   628    12050  1563093   0.628
   629    12050  1565582   0.629
   630    12050  1568071   0.630
   631    12050  1570560   0.631
   632    12050  1573049   0.632
   633    12050  1575538   0.633
   634    12050  1578027   0.634
   635    12050  1580516   0.635
   636    12050  1583005   0.636
   637    12050  1585494   0.637
   638    12050  1587983   0.638
   639    12050  1590472   0.639
   640    12050  1592961   0.640
   641    12050  1595450   0.641
   642    12050  1597939   0.642
   643    12050  1600428   0.643
   644    12050  1602917   0.644
   645    12050  1605406   0.645
   646    12050  1607895   0.646
   647    12050  1610384   0.647
   648    12050  1612873   0.648
   649    12050  1615362   0.649
   650    12050  1617851   0.650
   651    12050  1620340   0.651
   652    12050  1622829   0.652
   653    12050  1625318   0.653
   654    12050  1627807   0.654
   655    12050  1630296   0.655
   656    12050  1632785   0.656
   657    12050  1635274   0.657
   658    12050  1637763   0.658
   659    12050  1640252   0.659
   660    12050  1642741   0.660
   661    12050  1645230   0.661
   662    12050  1647719   0.662
   663    12050  1650208   0.663
   664    12050  1652697   0.664
   665    12050  1655186   0.665
   666    12050  1657675   0.666
   667    12050  1660164   0.667
   668    12050  1662653   0.668
   669    12050  1665142   0.669
   670    12050  1667631   0.670
   671    12050  1670120   0.671
   672    12050  1672609   0.672
   673    12050  1675098   0.673
   674    12050  1677587   0.674
   675    12050  1680076   0.675
   676    12050  1682565   0.676
   677    12050  1685054   0.677
   678    12050  1687543   0.678
   679    12050  1690032   0.679
   680    12050  1692521   0.680
   681    12050  1695010   0.681
   682    12050  1697499   0.682
   683    12050  1699988   0.683
   684    12050  1702477   0.684
   685    12050  1704966   0.685
   686    12050  1707455   0.686
   687    12050  1709944   0.687
   688    12050  1712433   0.688
   689    12050  1714922   0.689
   690    12050  1717411   0.690
   691    12050  1719900   0.691
   692    12050  1722389   0.692
   693    12050  1724878   0.693
   694    12050  1727367   0.694
   695    12050  1729856   0.695
   696    12050  1732345   0.696
   697    12050  1734834   0.697
   698    12050  1737323   0.698
   699    12050  1739812   0.699
   700    12050  1742301   0.700
   701    12050  1744790   0.701
   702    12050  1747279   0.702
   703    12050  1749768   0.703
   704    12050  1752257   0.704
   705    12050  1754746   0.705
   706    12050  1757235   0.706
   707    12050  1759724   0.707
   708    12050  1762213   0.708
   709    12050  1764702   0.709
   710    12050  1767191   0.710
   711    12050  1769680   0.711
   712    12050  1772169   0.712
   713    12050  1774658   0.713
   714    12050  1777147   0.714
   715    12050  1779636   0.715
   716    12050  1782125   0.716
   717    12050  1784614   0.717
   718    12050  1787103   0.718
   719    12050  1789592   0.719
   720    12050  1792081   0.720
   721    12050  1794570   0.721
   722    12050  1797059   0.722
   723    12050  1799548   0.723
   724    12050  1802037   0.724
   725    12050  1804526   0.725
   726    12050  1807015   0.726
   727    12050  1809504   0.727
   728    12050  1811993   0.728
   729    12050  1814482   0.729
   730    12050  1816971   0.730
   731    12050  1819460   0.731
   732    12050  1821949   0.732
   733    12050  1824438   0.733
   734    12050  1826927   0.734
   735    12050  1829416   0.735
   736    12050  1831905   0.736
   737    12050  1834394   0.737
   738    12050  1836883   0.738
   739    12050  1839372   0.739
   740    12050  1841861   0.740
   741    12050  1844350   0.741
   742    12050  1846839   0.742
   743    12050  1849328   0.743
   744    12050  1851817   0.744
   745    12050  1854306   0.745
   746    12050  1856795   0.746
   747    12050  1859284   0.747
   748    12050  1861773   0.748
   749    12050  1864262   0.749
   750    12050  1866751   0.750
   751    12050  1869240   0.751
   752    12050  1871729   0.752
   753    12050  1874218   0.753
   754    12050  1876707   0.754
   755    12050  1879196   0.755
   756    12050  1881685   0.756
   757    12050  1884174   0.757
   758    12050  1886663   0.758
   759    12050  1889152   0.759
   760    12050  1891641   0.760
   761    12050  1894130   0.761
   762    12050  1896619   0.762
   763    12050  1899108   0.763
   764    12050  1901597   0.764
   765    12050  1904086   0.765
   766    12050  1906575   0.766
   767    12050  1909064   0.767
   768    12050  1911553   0.768
   769    12050  1914042   0.769
   770    12050  1916531   0.770
   771    12050  1919020   0.771
   772    12050  1921509   0.772
   773    12050  1923998   0.773
   774    12050  1926487   0.774
   775    12050  1928976   0.775
   776    12050  1931465   0.776
   777    12050  1933954   0.777
   778    12050  1936443   0.778
   779    12050  1938932   0.779
   780    12050  1941421   0.780
   781    12050  1943910   0.781
   782    12050  1946399   0.782
   783    12050  1948888   0.783
   784    12050  1951377   0.784
   785    12050  1953866   0.785
   786    12050  1956355   0.786
   787    12050  1958844   0.787
   788    12050  1961333   0.788
   789    12050  1963822   0.789
   790    12050  1966311   0.790
   791    12050  1968800   0.791
   792    12050  1971289   0.792
   793    12050  1973778   0.793
   794    12050  1976267   0.794
   795    12050  1978756   0.795
   796    12050  1981245   0.796
   797    12050  1983734   0.797
   798    12050  1986223   0.798
   799    12050  1988712   0.799
   800    12050  1991201   0.800
   801    12050  1993690   0.801
   802    12050  1996179   0.802
   803    12050  1998668   0.803
   804    12050  2001157   0.804
   805    12050  2003646   0.805
   806    12050  2006135   0.806
   807    12050  2008624   0.807
   808    12050  2011113   0.808
   809    12050  2013602   0.809
   810    12050  2016091   0.810
   811    12050  2018580   0.811
   812    12050  2021069   0.812
   813    12050  2023558   0.813
   814    12050  2026047   0.814
   815    12050  2028536   0.815
   816    12050  2031025   0.816
   817    12050  2033514   0.817
   818    12050  2036003   0.818
   819    12050  2038492   0.819
   820    12050  2040981   0.820
   821    12050  2043470   0.821
   822    12050  2045959   0.822
   823    12050  2048448   0.823
   824    12050  2050937   0.824
   825    12050  2053426   0.825
   826    12050  2055915   0.826
   827    12050  2058404   0.827
   828    12050  2060893   0.828
   829    12050  2063382   0.829
   830    12050  2065871   0.830
   831    12050  2068360   0.831
   832    12050  2070849   0.832
   833    12050  2073338   0.833
   834    12050  2075827   0.834
   835    12050  2078316   0.835
   836    12050  2080805   0.836
   837    12050  2083294   0.837
   838    12050  2085783   0.838
   839    12050  2088272   0.839
   840    12050  2090761   0.840
   841    12050  2093250   0.841
   842    12050  2095739   0.842
   843    12050  2098228   0.843
   844    12050  2100717   0.844
   845    12050  2103206   0.845
   846    12050  2105695   0.846
   847    12050  2108184   0.847
   848    12050  2110673   0.848
   849    12050  2113162   0.849
   850    12050  2115651   0.850
   851    12050  2118140   0.851
   852    12050  2120629   0.852
   853    12050  2123118   0.853
   854    12050  2125607   0.854
   855    12050  2128096   0.855
   856    12050  2130585   0.856
   857    12050  2133074   0.857
   858    12050  2135563   0.858
   859    12050  2138052   0.859
   860    12050  2140541   0.860
   861    12050  2143030   0.861
   862    12050  2145519   0.862
   863    12050  2148008   0.863
   864    12050  2150497   0.864
   865    12050  2152986   0.865
   866    12050  2155475   0.866
   867    12050  2157964   0.867
   868    12050  2160453   0.868
   869    12050  2162942   0.869
   870    12050  2165431   0.870
   871    12050  2167920   0.871
   872    12050  2170409   0.872
   873    12050  2172898   0.873
   874    12050  2175387   0.874
   875    12050  2177876   0.875
   876    12050  2180365   0.876
   877    12050  2182854   0.877
   878    12050  2185343   0.878
   879    12050  2187832   0.879
   880    12050  2190321   0.880
   881    12050  2192810   0.881
   882    12050  2195299   0.882
   883    12050  2197788   0.883
   884    12050  2200277   0.884
   885    12050  2202766   0.885
   886    12050  2205255   0.886
   887    12050  2207744   0.887
   888    12050  2210233   0.888
   889    12050  2212722   0.889
   890    12050  2215211   0.890
   891    12050  2217700   0.891
   892    12050  2220189   0.892
   893    12050  2222678   0.893
   894    12050  2225167   0.894
   895    12050  2227656   0.895
   896    12050  2230145   0.896
   897    12050  2232634   0.897
   898    12050  2235123   0.898
   899    12050  2237612   0.899
   900    12050  2240101   0.900
   901    12050  2242590   0.901
   902    12050  2245079   0.902
   903    12050  2247568   0.903
   904    12050  2250057   0.904
   905    12050  2252546   0.905
   906    12050  2255035   0.906
   907    12050  2257524   0.907
   908    12050  2260013   0.908
   909    12050  2262502   0.909
   910    12050  2264991   0.910
   911    12050  2267480   0.911
   912    12050  2269969   0.912
   913    12050  2272458   0.913
   914    12050  2274947   0.914
   915    12050  2277436   0.915
   916    12050  2279925   0.916
   917    12050  2282414   0.917
   918    12050  2284903   0.918
   919    12050  2287392   0.919
   920    12050  2289881   0.920
   921    12050  2292370   0.921
   922    12050  2294859   0.922
   923    12050  2297348   0.923
   924    12050  2299837   0.924
   925    12050  2302326   0.925
   926    12050  2304815   0.926
   927    12050  2307304   0.927
   928    12050  2309793   0.928
   929    12050  2312282   0.929
   930    12050  2314771   0.930
   931    12050  2317260   0.931
   932    12050  2319749   0.932
   933    12050  2322238   0.933
   934    12050  2324727   0.934
   935    12050  2327216   0.935
   936    12050  2329705   0.936
   937    12050  2332194   0.937
   938    12050  2334683   0.938
   939    12050  2337172   0.939
   940    12050  2339661   0.940
   941    12050  2342150   0.941
   942    12050  2344639   0.942
   943    12050  2347128   0.943
   944    12050  2349617   0.944
   945    12050  2352106   0.945
   946    12050  2354595   0.946
   947    12050  2357084   0.947
   948    12050  2359573   0.948
   949    12050  2362062   0.949
   950    12050  2364551   0.950
   951    12050  2367040   0.951
   952    12050  2369529   0.952
   953    12050  2372018   0.953
   954    12050  2374507   0.954
   955    12050  2376996   0.955
   956    12050  2379485   0.956
   957    12050  2381974   0.957
   958    12050  2384463   0.958
   959    12050  2386952   0.959
   960    12050  2389441   0.960
   961    12050  2391930   0.961
   962    12050  2394419   0.962
   963    12050  2396908   0.963
   964    12050  2399397   0.964
   965    12050  2401886   0.965
   966    12050  2404375   0.966
   967    12050  2406864   0.967
   968    12050  2409353   0.968
   969    12050  2411842   0.969
   970    12050  2414331   0.970
   971    12050  2416820   0.971
   972    12050  2419309   0.972
   973    12050  2421798   0.973
   974    12050  2424287   0.974
   975    12050  2426776   0.975
   976    12050  2429265   0.976
   977    12050  2431754   0.977
   978    12050  2434243   0.978
   979    12050  2436732   0.979
   980    12050  2439221   0.980
   981    12050  2441710   0.981
   982    12050  2444199   0.982
   983    12050  2446688   0.983
   984    12050  2449177   0.984
   985    12050  2451666   0.985
   986    12050  2454155   0.986
   987    12050  2456644   0.987
   988    12050  2459133   0.988
   989    12050  2461622   0.989
   990    12050  2464111   0.990
   991    12050  2466600   0.991
   992    12050  2469089   0.992
   993    12050  2471578   0.993
   994    12050  2474067   0.994
   995    12050  2476556   0.995
   996    12050  2479045   0.996
   997    12050  2481534   0.997
   998    12050  2484023   0.998
   999    12050  2486512   0.999
  1000    12050  2489001   1.000
  1001    12050  2491490   1.001
  1002    12050  2493979   1.002
  1003    12050  2496468   1.003
  1004    12050  2498957   1.004
  1005    12050  2501446   1.005
  1006    12050  2503935   1.006
  1007    12050  2506424   1.007
  1008    12050  2508913   1.008
  1009    12050  2511402   1.009
  1010    12050  2513891   1.010
  1011    12050  2516380   1.011
  1012    12050  2518869   1.012
  1013    12050  2521358   1.013
  1014    12050  2523847   1.014
  1015    12050  2526336   1.015
  1016    12050  2528825   1.016
  1017    12050  2531314   1.017
  1018    12050  2533803   1.018
  1019    12050  2536292   1.019
  1020    12050  2538781   1.020
  1021    12050  2541270   1.021
  1022    12050  2543759   1.022
  1023    12050  2546248   1.023
  1024    12050  2548737   1.024
  1025    12050  2551226   1.025
  1026    12050  2553715   1.026
  1027    12050  2556204   1.027
  1028    12050  2558693   1.028
  1029    12050  2561182   1.029
  1030    12050  2563671   1.030
  1031    12050  2566160   1.031
  1032    12050  2568649   1.032
  1033    12050  2571138   1.033
  1034    12050  2573627   1.034
  1035    12050  2576116   1.035
  1036    12050  2578605   1.036
  1037    12050  2581094   1.037
  1038    12050  2583583   1.038
  1039    12050  2586072   1.039
  1040    12050  2588561   1.040
  1041    12050  2591050   1.041
  1042    12050  2593539   1.042
  1043    12050  2596028   1.043
  1044    12050  2598517   1.044
  1045    12050  2601006   1.045
  1046    12050  2603495   1.046
  1047    12050  2605984   1.047
  1048    12050  2608473   1.048
  1049    12050  2610962   1.049
  1050    12050  2613451   1.050
  1051    12050  2615940   1.051
  1052    12050  2618429   1.052
  1053    12050  2620918   1.053
  1054    12050  2623407   1.054
  1055    12050  2625896   1.055
  1056    12050  2628385   1.056
  1057    12050  2630874   1.057
  1058    12050  2633363   1.058
  1059    12050  2635852   1.059
  1060    12050  2638341   1.060
  1061    12050  2640830   1.061
  1062    12050  2643319   1.062
  1063    12050  2645808   1.063
  1064    12050  2648297   1.064
  1065    12050  2650786   1.065
  1066    12050  2653275   1.066
  1067    12050  2655764   1.067
  1068    12050  2658253   1.068
  1069    12050  2660742   1.069
  1070    12050  2663231   1.070
  1071    12050  2665720   1.071
  1072    12050  2668209   1.072
  1073    12050  2670698   1.073
  1074    12050  2673187   1.074
  1075    12050  2675676   1.075
  1076    12050  2678165   1.076
  1077    12050  2680654   1.077
  1078    12050  2683143   1.078
  1079    12050  2685632   1.079
  1080    12050  2688121   1.080
  1081    12050  2690610   1.081
  1082    12050  2693099   1.082
  1083    12050  2695588   1.083
  1084    12050  2698077   1.084
  1085    12050  2700566   1.085
  1086    12050  2703055   1.086
  1087    12050  2705544   1.087
  1088    12050  2708033   1.088
  1089    12050  2710522   1.089
  1090    12050  2713011   1.090
  1091    12050  2715500   1.091
  1092    12050  2717989   1.092
  1093    12050  2720478   1.093
  1094    12050  2722967   1.094
  1095    12050  2725456   1.095
  1096    12050  2727945   1.096
  1097    12050  2730434   1.097
  1098    12050  2732923   1.098
  1099    12050  2735412   1.099
  1100    12050  2737901   1.100
  1101    12050  2740390   1.101
  1102    12050  2742879   1.102
  1103    12050  2745368   1.103
  1104    12050  2747857   1.104
  1105    12050  2750346   1.105
  1106    12050  2752835   1.106
  1107    12050  2755324   1.107
  1108    12050  2757813   1.108
  1109    12050  2760302   1.109
  1110    12050  2762791   1.110
  1111    12050  2765280   1.111
  1112    12050  2767769   1.112
  1113    12050  2770258   1.113
  1114    12050  2772747   1.114
  1115    12050  2775236   1.115
  1116    12050  2777725   1.116
  1117    12050  2780214   1.117
  1118    12050  2782703   1.118
  1119    12050  2785192   1.119
  1120    12050  2787681   1.120
  1121    12050  2790170   1.121
  1122    12050  2792659   1.122
  1123    12050  2795148   1.123
  1124    12050  2797637   1.124
  1125    12050  2800126   1.125
  1126    12050  2802615   1.126
  1127    12050  2805104   1.127
  1128    12050  2807593   1.128
  1129    12050  2810082   1.129
  1130    12050  2812571   1.130
  1131    12050  2815060   1.131
  1132    12050  2817549   1.132
  1133    12050  2820038   1.133
  1134    12050  2822527   1.134
  1135    12050  2825016   1.135
  1136    12050  2827505   1.136
  1137    12050  2829994   1.137
  1138    12050  2832483   1.138
  1139    12050  2834972   1.139
  1140    12050  2837461   1.140
  1141    12050  2839950   1.141
  1142    12050  2842439   1.142
  1143    12050  2844928   1.143
  1144    12050  2847417   1.144
  1145    12050  2849906   1.145
  1146    12050  2852395   1.146
  1147    12050  2854884   1.147
  1148    12050  2857373   1.148
  1149    12050  2859862   1.149
  1150    12050  2862351   1.150
  1151    12050  2864840   1.151
  1152    12050  2867329   1.152
  1153    12050  2869818   1.153
  1154    12050  2872307   1.154
  1155    12050  2874796   1.155
  1156    12050  2877285   1.156
  1157    12050  2879774   1.157
  1158    12050  2882263   1.158
  1159    12050  2884752   1.159
  1160    12050  2887241   1.160
  1161    12050  2889730   1.161
  1162    12050  2892219   1.162
  1163    12050  2894708   1.163
  1164    12050  2897197   1.164
  1165    12050  2899686   1.165
  1166    12050  2902175   1.166
  1167    12050  2904664   1.167
  1168    12050  2907153   1.168
  1169    12050  2909642   1.169
  1170    12050  2912131   1.170
  1171    12050  2914620   1.171
  1172    12050  2917109   1.172
  1173    12050  2919598   1.173
  1174    12050  2922087   1.174
  1175    12050  2924576   1.175
  1176    12050  2927065   1.176
  1177    12050  2929554   1.177
  1178    12050  2932043   1.178
  1179    12050  2934532   1.179
  1180    12050  2937021   1.180
  1181    12050  2939510   1.181
  1182    12050  2941999   1.182
  1183    12050  2944488   1.183
  1184    12050  2946977   1.184
  1185    12050  2949466   1.185
  1186    12050  2951955   1.186
  1187    12050  2954444   1.187
  1188    12050  2956933   1.188
  1189    12050  2959422   1.189
  1190    12050  2961911   1.190
  1191    12050  2964400   1.191
  1192    12050  2966889   1.192
  1193    12050  2969378   1.193
  1194    12050  2971867   1.194
  1195    12050  2974356   1.195
  1196    12050  2976845   1.196
  1197    12050  2979334   1.197
  1198    12050  2981823   1.198
  1199    12050  2984312   1.199
  1200    12050  2986801   1.200
  1201    12050  2989290   1.201
  1202    12050  2991779   1.202
  1203    12050  2994268   1.203
  1204    12050  2996757   1.204
  1205    12050  2999246   1.205
  1206    12050  3001735   1.206
  1207    12050  3004224   1.207
  1208    12050  3006713   1.208
  1209    12050  3009202   1.209
  1210    12050  3011691   1.210
  1211    12050  3014180   1.211
  1212    12050  3016669   1.212
  1213    12050  3019158   1.213
  1214    12050  3021647   1.214
  1215    12050  3024136   1.215
  1216    12050  3026625   1.216
  1217    12050  3029114   1.217
  1218    12050  3031603   1.218
  1219    12050  3034092   1.219
  1220    12050  3036581   1.220
  1221    12050  3039070   1.221
  1222    12050  3041559   1.222
  1223    12050  3044048   1.223
  1224    12050  3046537   1.224
  1225    12050  3049026   1.225
  1226    12050  3051515   1.226
  1227    12050  3054004   1.227
  1228    12050  3056493   1.228
  1229    12050  3058982   1.229
  1230    12050  3061471   1.230
  1231    12050  3063960   1.231
  1232    12050  3066449   1.232
  1233    12050  3068938   1.233
  1234    12050  3071427   1.234
  1235    12050  3073916   1.235
  1236    12050  3076405   1.236
  1237    12050  3078894   1.237
  1238    12050  3081383   1.238
  1239    12050  3083872   1.239
  1240    12050  3086361   1.240
  1241    12050  3088850   1.241
  1242    12050  3091339   1.242
  1243    12050  3093828   1.243
  1244    12050  3096317   1.244
  1245    12050  3098806   1.245
  1246    12050  3101295   1.246
  1247    12050  3103784   1.247
  1248    12050  3106273   1.248
  1249    12050  3108762   1.249
  1250    12050  3111251   1.250
  1251    12050  3113740   1.251
  1252    12050  3116229   1.252
  1253    12050  3118718   1.253
  1254    12050  3121207   1.254
  1255    12050  3123696   1.255
  1256    12050  3126185   1.256
  1257    12050  3128674   1.257
  1258    12050  3131163   1.258
  1259    12050  3133652   1.259
  1260    12050  3136141   1.260
  1261    12050  3138630   1.261
  1262    12050  3141119   1.262
  1263    12050  3143608   1.263
  1264    12050  3146097   1.264
  1265    12050  3148586   1.265
  1266    12050  3151075   1.266
  1267    12050  3153564   1.267
  1268    12050  3156053   1.268
  1269    12050  3158542   1.269
  1270    12050  3161031   1.270
  1271    12050  3163520   1.271
  1272    12050  3166009   1.272
  1273    12050  3168498   1.273
  1274    12050  3170987   1.274
  1275    12050  3173476   1.275
  1276    12050  3175965   1.276
  1277    12050  3178454   1.277
  1278    12050  3180943   1.278
  1279    12050  3183432   1.279
  1280    12050  3185921   1.280
  1281    12050  3188410   1.281
  1282    12050  3190899   1.282
  1283    12050  3193388   1.283
  1284    12050  3195877   1.284
  1285    12050  3198366   1.285
  1286    12050  3200855   1.286
  1287    12050  3203344   1.287
  1288    12050  3205833   1.288
  1289    12050  3208322   1.289
  1290    12050  3210811   1.290
  1291    12050  3213300   1.291
  1292    12050  3215789   1.292
  1293    12050  3218278   1.293
  1294    12050  3220767   1.294
  1295    12050  3223256   1.295
  1296    12050  3225745   1.296
  1297    12050  3228234   1.297
  1298    12050  3230723   1.298
  1299    12050  3233212   1.299
  1300    12050  3235701   1.300
  1301    12050  3238190   1.301
  1302    12050  3240679   1.302
  1303    12050  3243168   1.303
  1304    12050  3245657   1.304
  1305    12050  3248146   1.305
  1306    12050  3250635   1.306
  1307    12050  3253124   1.307
  1308    12050  3255613   1.308
  1309    12050  3258102   1.309
  1310    12050  3260591   1.310
  1311    12050  3263080   1.311
  1312    12050  3265569   1.312
  1313    12050  3268058   1.313
  1314    12050  3270547   1.314
  1315    12050  3273036   1.315
  1316    12050  3275525   1.316
  1317    12050  3278014   1.317
  1318    12050  3280503   1.318
  1319    12050  3282992   1.319
  1320    12050  3285481   1.320
  1321    12050  3287970   1.321
  1322    12050  3290459   1.322
  1323    12050  3292948   1.323
  1324    12050  3295437   1.324
  1325    12050  3297926   1.325
  1326    12050  3300415   1.326
  1327    12050  3302904   1.327
  1328    12050  3305393   1.328
  1329    12050  3307882   1.329
  1330    12050  3310371   1.330
  1331    12050  3312860   1.331
  1332    12050  3315349   1.332
  1333    12050  3317838   1.333
  1334    12050  3320327   1.334
  1335    12050  3322816   1.335
  1336    12050  3325305   1.336
  1337    12050  3327794   1.337
  1338    12050  3330283   1.338
  1339    12050  3332772   1.339
  1340    12050  3335261   1.340
  1341    12050  3337750   1.341
  1342    12050  3340239   1.342
  1343    12050  3342728   1.343
  1344    12050  3345217   1.344
  1345    12050  3347706   1.345
  1346    12050  3350195   1.346
  1347    12050  3352684   1.347
  1348    12050  3355173   1.348
  1349    12050  3357662   1.349
  1350    12050  3360151   1.350
  1351    12050  3362640   1.351
  1352    12050  3365129   1.352
  1353    12050  3367618   1.353
  1354    12050  3370107   1.354
  1355    12050  3372596   1.355
  1356    12050  3375085   1.356
  1357    12050  3377574   1.357
  1358    12050  3380063   1.358
  1359    12050  3382552   1.359
  1360    12050  3385041   1.360
  1361    12050  3387530   1.361
  1362    12050  3390019   1.362
  1363    12050  3392508   1.363
  1364    12050  3394997   1.364
  1365    12050  3397486   1.365
  1366    12050  3399975   1.366
  1367    12050  3402464   1.367
  1368    12050  3404953   1.368
  1369    12050  3407442   1.369
  1370    12050  3409931   1.370
  1371    12050  3412420   1.371
  1372    12050  3414909   1.372
  1373    12050  3417398   1.373
  1374    12050  3419887   1.374
  1375    12050  3422376   1.375
  1376    12050  3424865   1.376
  1377    12050  3427354   1.377
  1378    12050  3429843   1.378
  1379    12050  3432332   1.379
  1380    12050  3434821   1.380
  1381    12050  3437310   1.381
  1382    12050  3439799   1.382
  1383    12050  3442288   1.383
  1384    12050  3444777   1.384
  1385    12050  3447266   1.385
  1386    12050  3449755   1.386
  1387    12050  3452244   1.387
  1388    12050  3454733   1.388
  1389    12050  3457222   1.389
  1390    12050  3459711   1.390
  1391    12050  3462200   1.391
  1392    12050  3464689   1.392
  1393    12050  3467178   1.393
  1394    12050  3469667   1.394
  1395    12050  3472156   1.395
  1396    12050  3474645   1.396
  1397    12050  3477134   1.397
  1398    12050  3479623   1.398
  1399    12050  3482112   1.399
  1400    12050  3484601   1.400
  1401    12050  3487090   1.401
  1402    12050  3489579   1.402
  1403    12050  3492068   1.403
  1404    12050  3494557   1.404
  1405    12050  3497046   1.405
  1406    12050  3499535   1.406
  1407    12050  3502024   1.407
  1408    12050  3504513   1.408
  1409    12050  3507002   1.409
  1410    12050  3509491   1.410
  1411    12050  3511980   1.411
  1412    12050  3514469   1.412
  1413    12050  3516958   1.413
  1414    12050  3519447   1.414
  1415    12050  3521936   1.415
  1416    12050  3524425   1.416
  1417    12050  3526914   1.417
  1418    12050  3529403   1.418
  1419    12050  3531892   1.419
  1420    12050  3534381   1.420
  1421    12050  3536870   1.421
  1422    12050  3539359   1.422
  1423    12050  3541848   1.423
  1424    12050  3544337   1.424
  1425    12050  3546826   1.425
  1426    12050  3549315   1.426
  1427    12050  3551804   1.427
  1428    12050  3554293   1.428
  1429    12050  3556782   1.429
  1430    12050  3559271   1.430
  1431    12050  3561760   1.431
  1432    12050  3564249   1.432
  1433    12050  3566738   1.433
  1434    12050  3569227   1.434
  1435    12050  3571716   1.435
  1436    12050  3574205   1.436
  1437    12050  3576694   1.437
  1438    12050  3579183   1.438
  1439    12050  3581672   1.439
  1440    12050  3584161   1.440
  1441    12050  3586650   1.441
  1442    12050  3589139   1.442
  1443    12050  3591628   1.443
  1444    12050  3594117   1.444
  1445    12050  3596606   1.445
  1446    12050  3599095   1.446
  1447    12050  3601584   1.447
  1448    12050  3604073   1.448
  1449    12050  3606562   1.449
  1450    12050  3609051   1.450
  1451    12050  3611540   1.451
  1452    12050  3614029   1.452
  1453    12050  3616518   1.453
  1454    12050  3619007   1.454
  1455    12050  3621496   1.455
  1456    12050  3623985   1.456
  1457    12050  3626474   1.457
  1458    12050  3628963   1.458
  1459    12050  3631452   1.459
  1460    12050  3633941   1.460
  1461    12050  3636430   1.461
  1462    12050  3638919   1.462
  1463    12050  3641408   1.463
  1464    12050  3643897   1.464
  1465    12050  3646386   1.465
  1466    12050  3648875   1.466
  1467    12050  3651364   1.467
  1468    12050  3653853   1.468
  1469    12050  3656342   1.469
  1470    12050  3658831   1.470
  1471    12050  3661320   1.471
  1472    12050  3663809   1.472
  1473    12050  3666298   1.473
  1474    12050  3668787   1.474
  1475    12050  3671276   1.475
  1476    12050  3673765   1.476
  1477    12050  3676254   1.477
  1478    12050  3678743   1.478
  1479    12050  3681232   1.479
  1480    12050  3683721   1.480
  1481    12050  3686210   1.481
  1482    12050  3688699   1.482
  1483    12050  3691188   1.483
  1484    12050  3693677   1.484
  1485    12050  3696166   1.485
  1486    12050  3698655   1.486
  1487    12050  3701144   1.487
  1488    12050  3703633   1.488
  1489    12050  3706122   1.489
  1490    12050  3708611   1.490
  1491    12050  3711100   1.491
  1492    12050  3713589   1.492
  1493    12050  3716078   1.493
  1494    12050  3718567   1.494
  1495    12050  3721056   1.495
  1496    12050  3723545   1.496
  1497    12050  3726034   1.497
  1498    12050  3728523   1.498
  1499    12050  3731012   1.499
  1500    12050  3733501   1.500
  1501    12050  3735990   1.501
  1502    12050  3738479   1.502
  1503    12050  3740968   1.503
  1504    12050  3743457   1.504
  1505    12050  3745946   1.505
  1506    12050  3748435   1.506
  1507    12050  3750924   1.507
  1508    12050  3753413   1.508
  1509    12050  3755902   1.509
  1510    12050  3758391   1.510
  1511    12050  3760880   1.511
  1512    12050  3763369   1.512
  1513    12050  3765858   1.513
  1514    12050  3768347   1.514
  1515    12050  3770836   1.515
  1516    12050  3773325   1.516
  1517    12050  3775814   1.517
  1518    12050  3778303   1.518
  1519    12050  3780792   1.519
  1520    12050  3783281   1.520
  1521    12050  3785770   1.521
  1522    12050  3788259   1.522
  1523    12050  3790748   1.523
  1524    12050  3793237   1.524
  1525    12050  3795726   1.525
  1526    12050  3798215   1.526
  1527    12050  3800704   1.527
  1528    12050  3803193   1.528
  1529    12050  3805682   1.529
  1530    12050  3808171   1.530
  1531    12050  3810660   1.531
  1532    12050  3813149   1.532
  1533    12050  3815638   1.533
  1534    12050  3818127   1.534
  1535    12050  3820616   1.535
  1536    12050  3823105   1.536
  1537    12050  3825594   1.537
  1538    12050  3828083   1.538
  1539    12050  3830572   1.539
  1540    12050  3833061   1.540
  1541    12050  3835550   1.541
  1542    12050  3838039   1.542
  1543    12050  3840528   1.543
  1544    12050  3843017   1.544
  1545    12050  3845506   1.545
  1546    12050  3847995   1.546
  1547    12050  3850484   1.547
  1548    12050  3852973   1.548
  1549    12050  3855462   1.549
  1550    12050  3857951   1.550
  1551    12050  3860440   1.551
  1552    12050  3862929   1.552
  1553    12050  3865418   1.553
  1554    12050  3867907   1.554
  1555    12050  3870396   1.555
  1556    12050  3872885   1.556
  1557    12050  3875374   1.557
  1558    12050  3877863   1.558
  1559    12050  3880352   1.559
  1560    12050  3882841   1.560
  1561    12050  3885330   1.561
  1562    12050  3887819   1.562
  1563    12050  3890308   1.563
  1564    12050  3892797   1.564
  1565    12050  3895286   1.565
  1566    12050  3897775   1.566
  1567    12050  3900264   1.567
  1568    12050  3902753   1.568
  1569    12050  3905242   1.569
  1570    12050  3907731   1.570
  1571    12050  3910220   1.571
  1572    12050  3912709   1.572
  1573    12050  3915198   1.573
  1574    12050  3917687   1.574
  1575    12050  3920176   1.575
  1576    12050  3922665   1.576
  1577    12050  3925154   1.577
  1578    12050  3927643   1.578
  1579    12050  3930132   1.579
  1580    12050  3932621   1.580
  1581    12050  3935110   1.581
  1582    12050  3937599   1.582
  1583    12050  3940088   1.583
  1584    12050  3942577   1.584
  1585    12050  3945066   1.585
  1586    12050  3947555   1.586
  1587    12050  3950044   1.587
  1588    12050  3952533   1.588
  1589    12050  3955022   1.589
  1590    12050  3957511   1.590
  1591    12050  3960000   1.591
  1592    12050  3962489   1.592
  1593    12050  3964978   1.593
  1594    12050  3967467   1.594
  1595    12050  3969956   1.595
  1596    12050  3972445   1.596
  1597    12050  3974934   1.597
  1598    12050  3977423   1.598
  1599    12050  3979912   1.599
  1600    12050  3982401   1.600
  1601    12050  3984890   1.601
  1602    12050  3987379   1.602
  1603    12050  3989868   1.603
  1604    12050  3992357   1.604
  1605    12050  3994846   1.605
  1606    12050  3997335   1.606
  1607    12050  3999824   1.607
  1608    12050  4002313   1.608
  1609    12050  4004802   1.609
  1610    12050  4007291   1.610
  1611    12050  4009780   1.611
  1612    12050  4012269   1.612
  1613    12050  4014758   1.613
  1614    12050  4017247   1.614
  1615    12050  4019736   1.615
  1616    12050  4022225   1.616
  1617    12050  4024714   1.617
  1618    12050  4027203   1.618
  1619    12050  4029692   1.619
  1620    12050  4032181   1.620
  1621    12050  4034670   1.621
  1622    12050  4037159   1.622
  1623    12050  4039648   1.623
  1624    12050  4042137   1.624
  1625    12050  4044626   1.625
  1626    12050  4047115   1.626
  1627    12050  4049604   1.627
  1628    12050  4052093   1.628
  1629    12050  4054582   1.629
  1630    12050  4057071   1.630
  1631    12050  4059560   1.631
  1632    12050  4062049   1.632
  1633    12050  4064538   1.633
  1634    12050  4067027   1.634
  1635    12050  4069516   1.635
  1636    12050  4072005   1.636
  1637    12050  4074494   1.637
  1638    12050  4076983   1.638
  1639    12050  4079472   1.639
  1640    12050  4081961   1.640
  1641    12050  4084450   1.641
  1642    12050  4086939   1.642
  1643    12050  4089428   1.643
  1644    12050  4091917   1.644
  1645    12050  4094406   1.645
  1646    12050  4096895   1.646
  1647    12050  4099384   1.647
  1648    12050  4101873   1.648
  1649    12050  4104362   1.649
  1650    12050  4106851   1.650
  1651    12050  4109340   1.651
  1652    12050  4111829   1.652
  1653    12050  4114318   1.653
  1654    12050  4116807   1.654
  1655    12050  4119296   1.655
  1656    12050  4121785   1.656
  1657    12050  4124274   1.657
  1658    12050  4126763   1.658
  1659    12050  4129252   1.659
  1660    12050  4131741   1.660
  1661    12050  4134230   1.661
  1662    12050  4136719   1.662
  1663    12050  4139208   1.663
  1664    12050  4141697   1.664
  1665    12050  4144186   1.665
  1666    12050  4146675   1.666
  1667    12050  4149164   1.667
  1668    12050  4151653   1.668
  1669    12050  4154142   1.669
  1670    12050  4156631   1.670
  1671    12050  4159120   1.671
  1672    12050  4161609   1.672
  1673    12050  4164098   1.673
  1674    12050  4166587   1.674
  1675    12050  4169076   1.675
  1676    12050  4171565   1.676
  1677    12050  4174054   1.677
  1678    12050  4176543   1.678
  1679    12050  4179032   1.679
  1680    12050  4181521   1.680
  1681    12050  4184010   1.681
  1682    12050  4186499   1.682
  1683    12050  4188988   1.683
  1684    12050  4191477   1.684
  1685    12050  4193966   1.685
  1686    12050  4196455   1.686
  1687    12050  4198944   1.687
  1688    12050  4201433   1.688
  1689    12050  4203922   1.689
  1690    12050  4206411   1.690
  1691    12050  4208900   1.691
  1692    12050  4211389   1.692
  1693    12050  4213878   1.693
  1694    12050  4216367   1.694
  1695    12050  4218856   1.695
  1696    12050  4221345   1.696
  1697    12050  4223834   1.697
  1698    12050  4226323   1.698
  1699    12050  4228812   1.699
  1700    12050  4231301   1.700
  1701    12050  4233790   1.701
  1702    12050  4236279   1.702
  1703    12050  4238768   1.703
  1704    12050  4241257   1.704
  1705    12050  4243746   1.705
  1706    12050  4246235   1.706
  1707    12050  4248724   1.707
  1708    12050  4251213   1.708
  1709    12050  4253702   1.709
  1710    12050  4256191   1.710
  1711    12050  4258680   1.711
  1712    12050  4261169   1.712
  1713    12050  4263658   1.713
  1714    12050  4266147   1.714
  1715    12050  4268636   1.715
  1716    12050  4271125   1.716
  1717    12050  4273614   1.717
  1718    12050  4276103   1.718
  1719    12050  4278592   1.719
  1720    12050  4281081   1.720
  1721    12050  4283570   1.721
  1722    12050  4286059   1.722
  1723    12050  4288548   1.723
  1724    12050  4291037   1.724
  1725    12050  4293526   1.725
  1726    12050  4296015   1.726
  1727    12050  4298504   1.727
  1728    12050  4300993   1.728
  1729    12050  4303482   1.729
  1730    12050  4305971   1.730
  1731    12050  4308460   1.731
  1732    12050  4310949   1.732
  1733    12050  4313438   1.733
  1734    12050  4315927   1.734
  1735    12050  4318416   1.735
  1736    12050  4320905   1.736
  1737    12050  4323394   1.737
  1738    12050  4325883   1.738
  1739    12050  4328372   1.739
  1740    12050  4330861   1.740
  1741    12050  4333350   1.741
  1742    12050  4335839   1.742
  1743    12050  4338328   1.743
  1744    12050  4340817   1.744
  1745    12050  4343306   1.745
  1746    12050  4345795   1.746
  1747    12050  4348284   1.747
  1748    12050  4350773   1.748
  1749    12050  4353262   1.749
  1750    12050  4355751   1.750
  1751    12050  4358240   1.751
  1752    12050  4360729   1.752
  1753    12050  4363218   1.753
  1754    12050  4365707   1.754
  1755    12050  4368196   1.755
  1756    12050  4370685   1.756
  1757    12050  4373174   1.757
  1758    12050  4375663   1.758
  1759    12050  4378152   1.759
  1760    12050  4380641   1.760
  1761    12050  4383130   1.761
  1762    12050  4385619   1.762
  1763    12050  4388108   1.763
  1764    12050  4390597   1.764
  1765    12050  4393086   1.765
  1766    12050  4395575   1.766
  1767    12050  4398064   1.767
  1768    12050  4400553   1.768
  1769    12050  4403042   1.769
  1770    12050  4405531   1.770
  1771    12050  4408020   1.771
  1772    12050  4410509   1.772
  1773    12050  4412998   1.773
  1774    12050  4415487   1.774
  1775    12050  4417976   1.775
  1776    12050  4420465   1.776
  1777    12050  4422954   1.777
  1778    12050  4425443   1.778
  1779    12050  4427932   1.779
  1780    12050  4430421   1.780
  1781    12050  4432910   1.781
  1782    12050  4435399   1.782
  1783    12050  4437888   1.783
  1784    12050  4440377   1.784
  1785    12050  4442866   1.785
  1786    12050  4445355   1.786
  1787    12050  4447844   1.787
  1788    12050  4450333   1.788
  1789    12050  4452822   1.789
  1790    12050  4455311   1.790
  1791    12050  4457800   1.791
  1792    12050  4460289   1.792
  1793    12050  4462778   1.793
  1794    12050  4465267   1.794
  1795    12050  4467756   1.795
  1796    12050  4470245   1.796
  1797    12050  4472734   1.797
  1798    12050  4475223   1.798
  1799    12050  4477712   1.799
  1800    12050  4480201   1.800
  1801    12050  4482690   1.801
  1802    12050  4485179   1.802
  1803    12050  4487668   1.803
  1804    12050  4490157   1.804
  1805    12050  4492646   1.805
  1806    12050  4495135   1.806
  1807    12050  4497624   1.807
  1808    12050  4500113   1.808
  1809    12050  4502602   1.809
  1810    12050  4505091   1.810
  1811    12050  4507580   1.811
  1812    12050  4510069   1.812
  1813    12050  4512558   1.813
  1814    12050  4515047   1.814
  1815    12050  4517536   1.815
  1816    12050  4520025   1.816
  1817    12050  4522514   1.817
  1818    12050  4525003   1.818
  1819    12050  4527492   1.819
  1820    12050  4529981   1.820
  1821    12050  4532470   1.821
  1822    12050  4534959   1.822
  1823    12050  4537448   1.823
  1824    12050  4539937   1.824
  1825    12050  4542426   1.825
  1826    12050  4544915   1.826
  1827    12050  4547404   1.827
  1828    12050  4549893   1.828
  1829    12050  4552382   1.829
  1830    12050  4554871   1.830
  1831    12050  4557360   1.831
  1832    12050  4559849   1.832
  1833    12050  4562338   1.833
  1834    12050  4564827   1.834
  1835    12050  4567316   1.835
  1836    12050  4569805   1.836
  1837    12050  4572294   1.837
  1838    12050  4574783   1.838
  1839    12050  4577272   1.839
  1840    12050  4579761   1.840
  1841    12050  4582250   1.841
  1842    12050  4584739   1.842
  1843    12050  4587228   1.843
  1844    12050  4589717   1.844
  1845    12050  4592206   1.845
  1846    12050  4594695   1.846
  1847    12050  4597184   1.847
  1848    12050  4599673   1.848
  1849    12050  4602162   1.849
  1850    12050  4604651   1.850
  1851    12050  4607140   1.851
  1852    12050  4609629   1.852
  1853    12050  4612118   1.853
  1854    12050  4614607   1.854
  1855    12050  4617096   1.855
  1856    12050  4619585   1.856
  1857    12050  4622074   1.857
  1858    12050  4624563   1.858
  1859    12050  4627052   1.859
  1860    12050  4629541   1.860
  1861    12050  4632030   1.861
  1862    12050  4634519   1.862
  1863    12050  4637008   1.863
  1864    12050  4639497   1.864
  1865    12050  4641986   1.865
  1866    12050  4644475   1.866
  1867    12050  4646964   1.867
  1868    12050  4649453   1.868
  1869    12050  4651942   1.869
  1870    12050  4654431   1.870
  1871    12050  4656920   1.871
  1872    12050  4659409   1.872
  1873    12050  4661898   1.873
  1874    12050  4664387   1.874
  1875    12050  4666876   1.875
  1876    12050  4669365   1.876
  1877    12050  4671854   1.877
  1878    12050  4674343   1.878
  1879    12050  4676832   1.879
  1880    12050  4679321   1.880
  1881    12050  4681810   1.881
  1882    12050  4684299   1.882
  1883    12050  4686788   1.883
  1884    12050  4689277   1.884
  1885    12050  4691766   1.885
  1886    12050  4694255   1.886
  1887    12050  4696744   1.887
  1888    12050  4699233   1.888
  1889    12050  4701722   1.889
  1890    12050  4704211   1.890
  1891    12050  4706700   1.891
  1892    12050  4709189   1.892
  1893    12050  4711678   1.893
  1894    12050  4714167   1.894
  1895    12050  4716656   1.895
  1896    12050  4719145   1.896
  1897    12050  4721634   1.897
  1898    12050  4724123   1.898
  1899    12050  4726612   1.899
  1900    12050  4729101   1.900
  1901    12050  4731590   1.901
  1902    12050  4734079   1.902
  1903    12050  4736568   1.903
  1904    12050  4739057   1.904
  1905    12050  4741546   1.905
  1906    12050  4744035   1.906
  1907    12050  4746524   1.907
  1908    12050  4749013   1.908
  1909    12050  4751502   1.909
  1910    12050  4753991   1.910
  1911    12050  4756480   1.911
  1912    12050  4758969   1.912
  1913    12050  4761458   1.913
  1914    12050  4763947   1.914
  1915    12050  4766436   1.915
  1916    12050  4768925   1.916
  1917    12050  4771414   1.917
  1918    12050  4773903   1.918
  1919    12050  4776392   1.919
  1920    12050  4778881   1.920
  1921    12050  4781370   1.921
  1922    12050  4783859   1.922
  1923    12050  4786348   1.923
  1924    12050  4788837   1.924
  1925    12050  4791326   1.925
  1926    12050  4793815   1.926
  1927    12050  4796304   1.927
  1928    12050  4798793   1.928
  1929    12050  4801282   1.929
  1930    12050  4803771   1.930
  1931    12050  4806260   1.931
  1932    12050  4808749   1.932
  1933    12050  4811238   1.933
  1934    12050  4813727   1.934
  1935    12050  4816216   1.935
  1936    12050  4818705   1.936
  1937    12050  4821194   1.937
  1938    12050  4823683   1.938
  1939    12050  4826172   1.939
  1940    12050  4828661   1.940
  1941    12050  4831150   1.941
  1942    12050  4833639   1.942
  1943    12050  4836128   1.943
  1944    12050  4838617   1.944
  1945    12050  4841106   1.945
  1946    12050  4843595   1.946
  1947    12050  4846084   1.947
  1948    12050  4848573   1.948
  1949    12050  4851062   1.949
  1950    12050  4853551   1.950
  1951    12050  4856040   1.951
  1952    12050  4858529   1.952
  1953    12050  4861018   1.953
  1954    12050  4863507   1.954
  1955    12050  4865996   1.955
  1956    12050  4868485   1.956
  1957    12050  4870974   1.957
  1958    12050  4873463   1.958
  1959    12050  4875952   1.959
  1960    12050  4878441   1.960
  1961    12050  4880930   1.961
  1962    12050  4883419   1.962
  1963    12050  4885908   1.963
  1964    12050  4888397   1.964
  1965    12050  4890886   1.965
  1966    12050  4893375   1.966
  1967    12050  4895864   1.967
  1968    12050  4898353   1.968
  1969    12050  4900842   1.969
  1970    12050  4903331   1.970
  1971    12050  4905820   1.971
  1972    12050  4908309   1.972
  1973    12050  4910798   1.973
  1974    12050  4913287   1.974
  1975    12050  4915776   1.975
  1976    12050  4918265   1.976
  1977    12050  4920754   1.977
  1978    12050  4923243   1.978
  1979    12050  4925732   1.979
  1980    12050  4928221   1.980
  1981    12050  4930710   1.981
  1982    12050  4933199   1.982
  1983    12050  4935688   1.983
  1984    12050  4938177   1.984
  1985    12050  4940666   1.985
  1986    12050  4943155   1.986
  1987    12050  4945644   1.987
  1988    12050  4948133   1.988
  1989    12050  4950622   1.989
  1990    12050  4953111   1.990
  1991    12050  4955600   1.991
  1992    12050  4958089   1.992
  1993    12050  4960578   1.993
  1994    12050  4963067   1.994
  1995    12050  4965556   1.995
  1996    12050  4968045   1.996
  1997    12050  4970534   1.997
  1998    12050  4973023   1.998
  1999    12050  4975512   1.999
  2000    12050  4978001   2.000
