 0.000E+00 0.000E+00
 0.316E+12 0.390E+15
 0.631E+12 0.390E+15
 0.947E+12 0.390E+15
 0.126E+13 0.390E+15
 0.158E+13 0.390E+15
 0.189E+13 0.390E+15
 0.221E+13 0.390E+15
 0.252E+13 0.390E+15
 0.284E+13 0.390E+15
 0.316E+13 0.390E+15
 0.347E+13 0.390E+15
 0.379E+13 0.390E+15
 0.410E+13 0.390E+15
 0.442E+13 0.390E+15
 0.473E+13 0.390E+15
 0.505E+13 0.390E+15
 0.537E+13 0.390E+15
 0.568E+13 0.390E+15
 0.600E+13 0.390E+15
 0.631E+13 0.390E+15
 0.663E+13 0.390E+15
 0.694E+13 0.390E+15
 0.726E+13 0.390E+15
 0.757E+13 0.390E+15
 0.789E+13 0.390E+15
 0.821E+13 0.390E+15
 0.852E+13 0.390E+15
 0.884E+13 0.390E+15
 0.915E+13 0.390E+15
 0.947E+13 0.390E+15
 0.978E+13 0.390E+15
 0.101E+14 0.390E+15
 0.104E+14 0.390E+15
 0.107E+14 0.390E+15
 0.110E+14 0.390E+15
 0.114E+14 0.390E+15
 0.117E+14 0.391E+15
 0.120E+14 0.392E+15
 0.123E+14 0.394E+15
 0.126E+14 0.395E+15
 0.129E+14 0.398E+15
 0.133E+14 0.400E+15
 0.136E+14 0.406E+15
 0.139E+14 0.407E+15
 0.142E+14 0.416E+15
 0.145E+14 0.419E+15
 0.148E+14 0.429E+15
 0.151E+14 0.433E+15
 0.155E+14 0.444E+15
 0.158E+14 0.449E+15
 0.161E+14 0.463E+15
 0.164E+14 0.467E+15
 0.167E+14 0.484E+15
 0.170E+14 0.489E+15
 0.174E+14 0.508E+15
 0.177E+14 0.514E+15
 0.180E+14 0.535E+15
 0.183E+14 0.543E+15
 0.186E+14 0.566E+15
 0.189E+14 0.573E+15
 0.193E+14 0.597E+15
 0.196E+14 0.604E+15
 0.199E+14 0.631E+15
 0.202E+14 0.639E+15
 0.205E+14 0.668E+15
 0.208E+14 0.677E+15
 0.211E+14 0.708E+15
 0.215E+14 0.717E+15
 0.218E+14 0.750E+15
 0.221E+14 0.758E+15
 0.224E+14 0.793E+15
 0.227E+14 0.802E+15
 0.230E+14 0.838E+15
 0.234E+14 0.847E+15
 0.237E+14 0.888E+15
 0.240E+14 0.896E+15
 0.243E+14 0.938E+15
 0.246E+14 0.948E+15
 0.249E+14 0.990E+15
 0.252E+14 0.997E+15
 0.256E+14 0.104E+16
 0.259E+14 0.105E+16
 0.262E+14 0.109E+16
 0.265E+14 0.110E+16
 0.268E+14 0.115E+16
 0.271E+14 0.116E+16
 0.275E+14 0.121E+16
 0.278E+14 0.121E+16
 0.281E+14 0.126E+16
 0.284E+14 0.127E+16
 0.287E+14 0.132E+16
 0.290E+14 0.133E+16
 0.294E+14 0.138E+16
 0.297E+14 0.139E+16
 0.300E+14 0.143E+16
 0.303E+14 0.144E+16
 0.306E+14 0.149E+16
 0.309E+14 0.150E+16
 0.312E+14 0.155E+16
 0.316E+14 0.156E+16
 0.319E+14 0.161E+16
 0.322E+14 0.162E+16
 0.325E+14 0.167E+16
 0.328E+14 0.168E+16
 0.331E+14 0.173E+16
 0.335E+14 0.174E+16
 0.338E+14 0.179E+16
 0.341E+14 0.180E+16
 0.344E+14 0.185E+16
 0.347E+14 0.186E+16
 0.350E+14 0.191E+16
 0.353E+14 0.192E+16
 0.357E+14 0.198E+16
 0.360E+14 0.198E+16
 0.363E+14 0.204E+16
 0.366E+14 0.205E+16
 0.369E+14 0.210E+16
 0.372E+14 0.211E+16
 0.376E+14 0.217E+16
 0.379E+14 0.218E+16
 0.382E+14 0.223E+16
 0.385E+14 0.224E+16
 0.388E+14 0.230E+16
 0.391E+14 0.230E+16
 0.394E+14 0.236E+16
 0.398E+14 0.237E+16
 0.401E+14 0.243E+16
 0.404E+14 0.243E+16
 0.407E+14 0.249E+16
 0.410E+14 0.250E+16
 0.413E+14 0.256E+16
 0.417E+14 0.257E+16
 0.420E+14 0.263E+16
 0.423E+14 0.263E+16
 0.426E+14 0.269E+16
 0.429E+14 0.270E+16
 0.432E+14 0.276E+16
 0.436E+14 0.277E+16
 0.439E+14 0.283E+16
 0.442E+14 0.284E+16
 0.445E+14 0.290E+16
 0.448E+14 0.291E+16
 0.451E+14 0.297E+16
 0.454E+14 0.297E+16
 0.458E+14 0.304E+16
 0.461E+14 0.304E+16
 0.464E+14 0.311E+16
 0.467E+14 0.311E+16
 0.470E+14 0.318E+16
 0.473E+14 0.318E+16
 0.477E+14 0.325E+16
 0.480E+14 0.325E+16
 0.483E+14 0.332E+16
 0.486E+14 0.332E+16
 0.489E+14 0.340E+16
 0.492E+14 0.341E+16
 0.495E+14 0.347E+16
 0.499E+14 0.348E+16
 0.502E+14 0.354E+16
 0.505E+14 0.355E+16
 0.508E+14 0.360E+16
 0.511E+14 0.361E+16
 0.514E+14 0.367E+16
 0.518E+14 0.368E+16
 0.521E+14 0.373E+16
 0.524E+14 0.374E+16
 0.527E+14 0.380E+16
 0.530E+14 0.380E+16
 0.533E+14 0.386E+16
 0.537E+14 0.387E+16
 0.540E+14 0.392E+16
 0.543E+14 0.393E+16
 0.546E+14 0.399E+16
 0.549E+14 0.399E+16
 0.552E+14 0.405E+16
 0.555E+14 0.406E+16
 0.559E+14 0.412E+16
 0.562E+14 0.412E+16
 0.565E+14 0.418E+16
 0.568E+14 0.419E+16
 0.571E+14 0.424E+16
 0.574E+14 0.425E+16
 0.578E+14 0.431E+16
 0.581E+14 0.432E+16
 0.584E+14 0.438E+16
 0.587E+14 0.438E+16
 0.590E+14 0.445E+16
 0.593E+14 0.445E+16
 0.596E+14 0.451E+16
 0.600E+14 0.452E+16
 0.603E+14 0.457E+16
 0.606E+14 0.458E+16
 0.609E+14 0.464E+16
 0.612E+14 0.464E+16
 0.615E+14 0.470E+16
 0.619E+14 0.471E+16
 0.622E+14 0.477E+16
 0.625E+14 0.478E+16
 0.628E+14 0.484E+16
 0.631E+14 0.484E+16
